$ANSIBLE_VAULT;1.1;AES256
37393262666539373236343838343463393038656266636363303162356561313036366430633139
3439366465343762636239616336373233376531303139370a396462373762333636613331383963
35616536353266643561613330333631306561633161316362616661656364633366653632373331
6162356561373830640a336335646165646164316563623332663831386637663161616539656333
39623964343962613230643937303163373866613836303465386237633538366362366234376236
31616463303635633261373163663631613539653831613430363565616534383039636565366635
32313233336237353263613433663463616232626566656237396433343861653061393062653261
34626535383834613635306235333334616137343934393730336236373862633265313833393137
36656665616231396263306533383733353639666662626536646665663336666230613263316630
32393131653331613131633163643265393531633466366562336332373537373463356662313961
64306332623933393965356463396138313964653463313736303337613630323036306335623164
61316365643261643764316164626331656562633930666566353133336338623339313839663666
65653238626631393962393464626366323336663061363531643764346362633638363735623838
33393663323762376161393231643938623361613263656161656336663237383535306139373738
39633266323636613465323464333666616432666138643535313865303538313539366665343430
62386338663631346337616561386464373961366538373634393230343035303966373731343430
63636531373536386532613065316334353965396337316232373039353039623334353563363363
35396335383361633537666164396436636364663837396433333732393939656138303262343937
32363530333532303735666333313736313232346264393130396330613730366138373836653639
38633364383831323639663166376634356239363635636630616432613238633364333337663633
31626464303836363930393263336439333362656461376134616537653438643532386132303032
62363735323363393830346264393863643937643730313036656233313031643136383439636530
36326562383433343265373064373239363836613465633863323738366234636337366331353864
64363565333266363562646666396562326436346665363330396163383937336332366430303866
39336134323931353532613166366361333236663661613339643065393230323561376137626463
35386137363964343763346364386664626437323861623933613032393931613465666266323535
32313763653636356431336138356165616134663562353932613239316261363037396564326532
63336330356666396537346130656438643632623264303334323032663932663835646235333737
62336464323732316432346330653663383832626465376464363665616266613138326462343936
32626365326238633536383430646564313435613664393233636436313637363863396265316537
63363362383463343730303365343436636165646237303666646533346166343331663631633239
39616138656565656163306131396662633233346265613537343365613232383631363436633137
63626261356639336636316561383566323633373737383463643864663461616663336431633762
39336161626163363531653837636264633337366334653839643333353237393531633461376461
37376230336663663930616631353733633666353632323334383237376630316130313864366337
32616133633266333961636661316534396235343539623731653233373635616365393231656637
33356566646135333435356530626238643433336565643934343237363564666238353332636363
31623634373038623538383261396163616261346463393466386133616430336432633164303438
38633637316664376233626331313861346334363633663237336436313564633466653061343461
63363735653366653531643064353631343435643962646432303238313831363435653461386661
37653931353334343634346639373630373165383635643639633064323337636665386439656133
34343466313333356430633533333135336133333036616564633962396630383632383635363030
35636663313135343830366138636666356362646333303863303637353261356436643162343261
38323937363334373261343761323765393736376463323063646634303064613535663966663361
31333839383765366634666430643938623266376234366631613238363139373662653763396334
37313630336337643062356136313066643039633531653765643837313637316538303937323666
37613335613562663533336339613532303333323232306132323963366236346537353533666230
62643261666533323866323039633432323539633633376331623031363362383632356366366538
65373066616232353337643132323461333161313863373635323135336434616337643462623338
35303134633036356339623561356232373939356631303439343065346163386130363735386636
33623633343336326433333739343830376631616233313666336231393434383061383265373733
37653066363236343233323035323563643332623931656537373962373637343036326662636337
36333937653037633131623462376535386434383835616166313133613663306264613336326263
36633234386562663663333363303938373936336333326462373331313034346331656130336362
64643563393637383938356461656462623832323265626466666337333933613262356131653966
32633638623937386337333932306666366331623065383533666662376532633036643039643535
34633365663566613633336533386565623433613330626432613036646530333531343462393738
64393634323030663365313739343865393230383535616363613335346633313763656364383237
38646265366332623138353835653833396631616136653530386562356461613333353332636364
39323536633066323464616535353739666231373331646632386634306535626637303062396239
39303432623965333836633733393233616332663163663662366461636539633632353132303665
61366233623165616533343436643732613231393164383965666237666531316634326237323064
39363235656537653736313238653665316533343761333838346636333431613839303332653430
33353461663939353364633139383365646135633330646364646661343330643062626532333035
61346239386636383061363637616362396135373364663330636135626230343035386635333733
34646336346139386331636264633437633064616434323339323466323536303230616664613761
32363131366531613438336161646331656264376432663364323537313331393835393539326133
66663563656131353835313636366231336531623862393063313439626531333232313132396666
39386633613931303866306233373361313433363033653065343365343866346632353536663562
30386266303263363232346162323064333134383962356539346531323436626439363237616164
62376264643663336564323962353939343637653663353636643731616662386666333632663561
35623661626137333863383562396638643131616163396331613563356139303766656263386639
38316166363739633566323966663736373633333461623961643263383630303139626439383436
32303262363636373366666232306639366464656439643833333134313532343038346261303036
35383335353365613837633132303235356332323333646464666134366664633763396433363535
65363231313865326330313535373735366638336131623932323164373164383935653963353038
61336635646137306535363066643264313563623233653366306437383438386564303432353262
37626330363039346331623862643636376562653962386462626363626632346263643634346230
61653033343330323565653533383338396230333564633434336435303563306132313934336337
31616665633432326331393666346431303039356163393030353437353965626464353136646337
64373762366663653139353965343265653939363266396536393431343935643539363731376566
35616265363732353064356539666434353232376434313962626434303332653362386339656535
34663862646631386366333461323730646661356262323335613739376237663134343335346238
30633665636338613537333561356331616565643231333932633530366366366433346438323536
61336532316465323034333430626565356337313936636132616436613061353532333561306565
31316534626465333963303930396166613739663436343934663964353965626633343735333761
36333965313264653733323838333165636539373733383533336135343830383137653634623631
30333030383333623865656433633131633737353633343032623632666662333134336661643234
66356634343239623233386463356634373765353361313165376535313763396564316231646332
32373264316461643633623431313464313035393964633431313731396439353438363963323536
65653262616366303364613833663930323630656530376362333363653831323338336463653666
34353136646335663631653636626330373830613530383735376364386332396238323965376532
36336630323030643536666665623538353465633230363062376236643732346664343634336633
61366165363265663766623763653361343061623034623833366463626235323766343539393262
39316463396238323533306535656439653339653232613264626332636131623430343736363566
38373665353731646133656330323865323137633363643334363037623961323033326335343732
62316130643733653533616136386534393637383162646162643830396634626362353961373832
39633637363132663862313865363165316565356230303666326333376666373432363464366339
32353963393833376534336638626363613636393565333430396234373965363463663065613961
31393631326566396638363334663239643539313735653830653762343965396132323363613863
31626331646538393234343663336330383330383962663563626433353336663439346535353263
35386136303734386537393533613736633662323937663338353964663365643437663163383638
33623435656131663662336566623232373830653265636339343264346233393630353733376165
66633061306633633536623138363964353134353265363863356136366232636166626133613165
30303031643436616462633264623938653466373734633730326163386436313263346131393733
30636466386162613762373230643034623531386132393763396239306362633166646632636263
34373437636534346633303066633666323031373261356630646264373033326266356138306166
64326434633638336163623064303633336533643339363262653033336365383164663665393435
62613363323538666135346135333337333461396336333833666334383133623636346566613535
34383939393934643438643863366364303266633164646235666136326330636163393335316131
64656636383231396131626462383132623331613531363563346433653962313861653936383964
39306664323062363834333265633638346534366230316133306537343230356462633462386331
32323734393065396239653565313639363462636364643035663534313733613835323666376262
34656431313932646531646336333032646363343837396562323464366636633862323862303235
33643932313566623432666438336362626263366136353736653233663561303463386338633861
36633762626265343665333231316165336565383362623930633130383731646130623539336431
62343230316163666631626436663330646135656166333862343764623537346337366238396466
38643062633336663432336237666533343133393465326362363134646139623966366639396564
33363032313032616564643131373739373635633138616638353730343032643537643866623830
33316530363162626261613230643239376437393432353938363137376133326164343931366631
62306466376266323665306662303134636662653966313361613461626537386461383631643539
33323731643665643166623165353862383338653038646633323865633364353134396539626133
33626234326537383865636432343536353035366664306331666131633565323966373665373562
34386236303235353431643162623266633431323561656664353931336639373538376231616264
64646239663961613232353165313639383463636161356433663363353966333863613133306365
64363061366237333466363161323865396137346463646463366466336366383239323766613230
64326661626638643166323864613366386464363833323162363233366136316134643639333333
39316662356566616431373932373365363833303636353539316635616239656166313438393939
32356333363364326661626339373239373732633635623931376530643364333764353231356230
31323230383937383564333163346564353932306463366465303138613731626264633534336366
32623136303034666630653838363230356466316237316364313761303465656562303237316463
32623734376636313635633933643237356463376435386235353730343837333264346331653361
31313539653535626366333764303238383236303832303231376262383061366234326333323563
35353966373033653432633061376565323439383335373933333732333263373436663834323366
326431666631316633396133343930396361
